# unix_time, cycles_done, cur_path, paths_total, pending_total, pending_favs, map_size, unique_crashes, unique_hangs, max_depth, execs_per_sec
1516610985, 0, 0, 1, 1, 1, 2.10%, 0, 0, 1, 800.00
1516610990, 0, 0, 28, 28, 1, 3.19%, 2, 0, 2, 1285.14
1516610995, 0, 0, 29, 29, 1, 3.20%, 2, 0, 2, 1349.58
1516611087, 0, 0, 31, 31, 1, 3.20%, 2, 0, 2, 1384.11
1516611092, 0, 0, 45, 45, 1, 3.22%, 2, 0, 2, 1380.13
1516611097, 0, 0, 48, 48, 1, 3.23%, 2, 0, 2, 1461.09
1516611102, 0, 0, 53, 53, 1, 3.26%, 5, 0, 2, 1374.64
1516611133, 0, 0, 54, 54, 1, 3.27%, 5, 0, 2, 1399.41
1516611153, 0, 0, 55, 55, 1, 3.27%, 5, 0, 2, 1363.05
1516611178, 0, 0, 56, 56, 1, 3.28%, 5, 0, 2, 1328.80
1516611188, 0, 0, 57, 57, 1, 3.28%, 5, 0, 2, 1306.89
1516611203, 0, 0, 60, 60, 1, 3.28%, 5, 0, 2, 1313.98
1516611214, 0, 0, 63, 63, 1, 3.28%, 6, 0, 2, 1402.66
1516611360, 0, 0, 65, 65, 1, 3.28%, 6, 0, 2, 1324.40
1516611375, 0, 0, 81, 81, 1, 3.30%, 7, 0, 2, 1083.36
1516611391, 0, 0, 82, 82, 1, 3.30%, 7, 0, 2, 1109.55
1516611421, 0, 0, 83, 83, 1, 3.30%, 7, 0, 2, 1222.71
1516611630, 0, 0, 84, 84, 1, 3.30%, 7, 0, 2, 1120.90
1516612290, 0, 0, 85, 85, 1, 3.30%, 7, 0, 2, 1115.75
1516612331, 0, 0, 86, 86, 1, 3.30%, 7, 0, 2, 1104.46
1516612361, 0, 0, 89, 89, 1, 3.31%, 9, 0, 2, 925.81
1516613341, 0, 0, 91, 91, 1, 3.31%, 10, 0, 2, 745.53
1516613346, 0, 0, 98, 98, 1, 3.31%, 10, 0, 2, 518.21
1516614558, 0, 0, 99, 99, 1, 3.31%, 10, 0, 2, 466.71
1516614564, 0, 0, 100, 100, 1, 3.31%, 10, 0, 2, 462.60
1516615312, 0, 0, 102, 102, 1, 3.40%, 10, 0, 2, 422.09
1516615317, 0, 0, 105, 105, 1, 3.40%, 10, 0, 2, 449.66
1516616419, 0, 0, 106, 106, 1, 3.40%, 10, 0, 2, 428.92
1516616495, 0, 0, 107, 107, 1, 3.40%, 10, 0, 2, 423.38
1516616718, 0, 0, 111, 111, 1, 3.40%, 10, 0, 2, 385.84
1516617043, 0, 0, 117, 117, 1, 3.43%, 11, 0, 2, 394.22
1516617048, 0, 0, 126, 126, 1, 3.43%, 11, 0, 2, 394.97
1516617053, 0, 0, 128, 128, 1, 3.44%, 12, 0, 2, 380.66
1516617064, 0, 0, 128, 128, 1, 3.44%, 13, 0, 2, 363.57
1516617069, 0, 0, 129, 129, 1, 3.44%, 13, 0, 2, 363.09
1516617099, 0, 0, 130, 130, 1, 3.44%, 13, 0, 2, 410.27
1516617109, 0, 0, 131, 131, 1, 3.44%, 13, 0, 2, 376.18
1516617114, 0, 0, 134, 134, 1, 3.45%, 13, 0, 2, 416.59
1516617125, 0, 1, 134, 133, 58, 3.45%, 13, 0, 2, 356.15
1516617130, 0, 1, 134, 133, 58, 3.45%, 14, 0, 2, 393.91
1516618516, 0, 1, 135, 134, 58, 3.45%, 14, 0, 3, 396.80
1516618618, 0, 1, 136, 135, 58, 3.45%, 14, 0, 3, 353.62
1516618858, 0, 1, 137, 136, 58, 3.45%, 14, 0, 3, 349.51
1516618974, 0, 1, 138, 137, 58, 3.45%, 14, 0, 3, 350.67
1516620369, 0, 1, 139, 138, 58, 3.45%, 14, 0, 3, 347.99
1516620395, 0, 1, 140, 139, 58, 3.45%, 14, 0, 3, 378.87
1516627360, 0, 1, 141, 140, 58, 3.46%, 14, 0, 3, 284.24
1516630245, 0, 3, 141, 139, 58, 3.46%, 14, 0, 3, 254.25
1516644234, 0, 4, 141, 138, 57, 3.46%, 14, 0, 3, 316.84
1516657979, 0, 5, 141, 137, 56, 3.46%, 14, 0, 3, 304.43
1516672015, 0, 6, 141, 136, 55, 3.46%, 14, 0, 3, 260.09
1516686088, 0, 7, 141, 135, 54, 3.46%, 14, 0, 3, 307.20
1516700245, 0, 9, 141, 134, 53, 3.46%, 14, 0, 3, 275.77
1516714527, 0, 11, 141, 133, 52, 3.46%, 14, 0, 3, 232.80
1516728713, 0, 16, 141, 132, 51, 3.46%, 14, 0, 3, 301.81
1516742781, 0, 18, 141, 131, 50, 3.46%, 14, 0, 3, 252.17
1516757149, 0, 19, 141, 130, 49, 3.46%, 14, 0, 3, 274.91
